participant,biomarker,measurement,diseased
0,HIP-FCI (1),-6.737872362499249,True
1,HIP-FCI (1),-3.892552959905965,True
2,HIP-FCI (1),7.551627933474373,False
3,HIP-FCI (1),-15.450537198413215,True
4,HIP-FCI (1),3.876343182665087,False
5,HIP-FCI (1),-2.9058159711959957,True
6,HIP-FCI (1),-10.467653746703903,True
7,HIP-FCI (1),4.773438426912441,False
8,HIP-FCI (1),-2.1356888932333233,True
9,HIP-FCI (1),-5.296310792605042,True
10,HIP-FCI (1),-13.21783869570919,True
11,HIP-FCI (1),-12.343165119024995,True
12,HIP-FCI (1),3.6227814754687007,False
13,HIP-FCI (1),4.982029300713381,False
14,HIP-FCI (1),6.126526438643673,False
15,HIP-FCI (1),-3.867561592161326,True
16,HIP-FCI (1),4.260380035332914,False
17,HIP-FCI (1),-7.453044128471774,True
18,HIP-FCI (1),-18.978196633124295,True
19,HIP-FCI (1),-17.97359305954054,True
20,HIP-FCI (1),5.489202885471098,False
21,HIP-FCI (1),4.311354819661441,False
22,HIP-FCI (1),0.9323220177926519,True
23,HIP-FCI (1),-3.514192519575506,True
24,HIP-FCI (1),-12.104061944879334,True
25,HIP-FCI (1),3.8175991500119153,True
26,HIP-FCI (1),-11.150896176664137,True
27,HIP-FCI (1),-19.102071146281187,True
28,HIP-FCI (1),4.78157311303413,False
29,HIP-FCI (1),-4.768406849044103,True
30,HIP-FCI (1),2.6312617227720017,True
31,HIP-FCI (1),-9.734796643262197,True
32,HIP-FCI (1),5.572484492366218,False
33,HIP-FCI (1),-5.924653540729387,True
34,HIP-FCI (1),4.241059322241199,True
35,HIP-FCI (1),2.1175584336140725,True
36,HIP-FCI (1),5.151481736619071,False
37,HIP-FCI (1),-2.5878683602020076,True
38,HIP-FCI (1),4.752076309569995,True
39,HIP-FCI (1),4.238326815107728,True
40,HIP-FCI (1),-8.036900315044432,True
41,HIP-FCI (1),-6.979806333688383,True
42,HIP-FCI (1),-9.055701204066628,True
43,HIP-FCI (1),5.324119220906544,True
44,HIP-FCI (1),-11.666107231537413,True
45,HIP-FCI (1),4.17177755651724,False
46,HIP-FCI (1),-0.8917595529429976,True
47,HIP-FCI (1),-8.22214786632521,True
48,HIP-FCI (1),-1.6888354515216828,True
49,HIP-FCI (1),6.868886142168147,False
50,HIP-FCI (1),-12.213521720627632,True
51,HIP-FCI (1),1.8997571391594859,True
52,HIP-FCI (1),-6.676401665567056,True
53,HIP-FCI (1),-5.057249353963365,True
54,HIP-FCI (1),5.840342916469145,False
55,HIP-FCI (1),6.321839970358541,False
56,HIP-FCI (1),7.869472036142266,False
57,HIP-FCI (1),-0.8279173936490869,True
58,HIP-FCI (1),5.338846020738104,False
59,HIP-FCI (1),-15.277697910182471,True
60,HIP-FCI (1),-8.455286536455382,True
61,HIP-FCI (1),-11.760359902503792,True
62,HIP-FCI (1),-14.798697761763611,True
63,HIP-FCI (1),-3.62224270604768,True
64,HIP-FCI (1),3.732203793782867,True
65,HIP-FCI (1),3.541458105253536,True
66,HIP-FCI (1),6.883493950385359,False
67,HIP-FCI (1),4.159910850475262,False
68,HIP-FCI (1),4.6863849135044955,False
69,HIP-FCI (1),-6.220566481112047,True
70,HIP-FCI (1),-0.10952746393765445,True
71,HIP-FCI (1),-22.318964242297877,True
72,HIP-FCI (1),-8.824360497739868,True
73,HIP-FCI (1),5.453953329001326,True
74,HIP-FCI (1),-10.485383488507871,True
75,HIP-FCI (1),3.2754924716519875,False
76,HIP-FCI (1),-7.686564711639926,True
77,HIP-FCI (1),8.812029265393123,True
78,HIP-FCI (1),-7.307353347897509,True
79,HIP-FCI (1),6.114729843486344,True
80,HIP-FCI (1),-15.688025886717503,True
81,HIP-FCI (1),6.395261550243511,True
82,HIP-FCI (1),-9.736614037702179,True
83,HIP-FCI (1),8.119935036922017,True
84,HIP-FCI (1),6.245574182750205,False
85,HIP-FCI (1),-2.624954485324807,True
86,HIP-FCI (1),3.7902938845966556,False
87,HIP-FCI (1),-12.445808217189436,True
88,HIP-FCI (1),-4.651702725073241,True
89,HIP-FCI (1),4.5890662619065274,True
90,HIP-FCI (1),-3.1132457807774436,True
91,HIP-FCI (1),-5.1795551037712,True
92,HIP-FCI (1),0.9576663776762038,True
93,HIP-FCI (1),-0.25017305016277014,True
94,HIP-FCI (1),-9.478680680578794,True
95,HIP-FCI (1),-4.480473089730351,True
96,HIP-FCI (1),2.976215766537072,False
97,HIP-FCI (1),5.153799239329665,False
98,HIP-FCI (1),1.1710009429161037,True
99,HIP-FCI (1),3.429086353915557,False
100,HIP-FCI (1),3.7479698973870215,False
101,HIP-FCI (1),-6.840508067649089,True
102,HIP-FCI (1),3.418142817186146,True
103,HIP-FCI (1),-4.902122649623556,True
104,HIP-FCI (1),-9.695644008195142,True
105,HIP-FCI (1),-9.045232029162865,True
106,HIP-FCI (1),4.079738910423287,False
107,HIP-FCI (1),6.759924806380992,False
108,HIP-FCI (1),7.463735199251525,True
109,HIP-FCI (1),4.027513904762306,False
110,HIP-FCI (1),1.7022918154621047,True
111,HIP-FCI (1),-6.718598672932239,True
112,HIP-FCI (1),5.979020694699576,False
113,HIP-FCI (1),-1.0621052169668754,True
114,HIP-FCI (1),-4.170269691728406,True
115,HIP-FCI (1),2.0653869281566006,True
116,HIP-FCI (1),-0.39209740327900455,True
117,HIP-FCI (1),-2.898927603962185,True
118,HIP-FCI (1),0.1663129136098096,True
119,HIP-FCI (1),-7.07250629271363,True
120,HIP-FCI (1),-1.9184882586010183,True
121,HIP-FCI (1),-13.204662281767279,True
122,HIP-FCI (1),4.289766779504914,True
123,HIP-FCI (1),-8.259751740155975,True
124,HIP-FCI (1),-3.405562578162297,True
125,HIP-FCI (1),-16.809148485953525,True
126,HIP-FCI (1),6.401484757715348,True
127,HIP-FCI (1),-8.020900894098343,True
128,HIP-FCI (1),-10.05049112480989,True
129,HIP-FCI (1),-3.0194034618628676,True
130,HIP-FCI (1),-12.303022107867868,True
131,HIP-FCI (1),-6.894900972611828,True
132,HIP-FCI (1),-5.398343790572473,True
133,HIP-FCI (1),-1.1177921581606145,True
134,HIP-FCI (1),-8.076474056047495,True
135,HIP-FCI (1),-1.013327465395668,True
136,HIP-FCI (1),2.5032698347391253,True
137,HIP-FCI (1),4.479972914187396,False
138,HIP-FCI (1),-7.816926668353647,True
139,HIP-FCI (1),-5.6606912907569775,True
140,HIP-FCI (1),8.285444606821509,True
141,HIP-FCI (1),-5.819669921380921,True
142,HIP-FCI (1),-7.911426401785469,True
143,HIP-FCI (1),2.2541716346077134,True
144,HIP-FCI (1),6.907974192022058,True
145,HIP-FCI (1),5.994634515754516,False
146,HIP-FCI (1),-13.356183782735142,True
147,HIP-FCI (1),-21.119066992692296,True
148,HIP-FCI (1),3.0160639990710387,False
149,HIP-FCI (1),-1.3245376056102103,True
150,HIP-FCI (1),4.385046326376908,False
151,HIP-FCI (1),3.6349088895485417,False
152,HIP-FCI (1),-1.1051659241534377,True
153,HIP-FCI (1),-0.6729558141985654,True
154,HIP-FCI (1),-16.233279296917736,True
155,HIP-FCI (1),-12.162742553816424,True
156,HIP-FCI (1),3.3357680144779716,False
157,HIP-FCI (1),7.017293576403912,False
158,HIP-FCI (1),6.318337815307722,False
159,HIP-FCI (1),2.115726118292109,True
160,HIP-FCI (1),-5.517808386083111,True
161,HIP-FCI (1),-3.5613768286597107,True
162,HIP-FCI (1),6.759862884017279,False
163,HIP-FCI (1),5.576108338698147,False
164,HIP-FCI (1),-5.446378716419114,True
165,HIP-FCI (1),-4.473547684332121,True
166,HIP-FCI (1),-8.389032754134146,True
167,HIP-FCI (1),-22.479414484039577,True
168,HIP-FCI (1),6.255855178376055,False
169,HIP-FCI (1),-2.693946850527023,True
170,HIP-FCI (1),-8.786910169415854,True
171,HIP-FCI (1),-7.794284565400522,True
172,HIP-FCI (1),-13.831810879710437,True
173,HIP-FCI (1),-18.6973592553681,True
174,HIP-FCI (1),-4.578020169376783,True
175,HIP-FCI (1),1.6522704936839863,False
176,HIP-FCI (1),6.950968515940751,False
177,HIP-FCI (1),-14.597903919090285,True
178,HIP-FCI (1),-13.350804672320427,True
179,HIP-FCI (1),-3.865701076612483,True
180,HIP-FCI (1),-1.1130331693218336,True
181,HIP-FCI (1),-2.700354494258424,True
182,HIP-FCI (1),-9.665164867297332,True
183,HIP-FCI (1),4.805354524059005,False
184,HIP-FCI (1),-8.979836570916895,True
185,HIP-FCI (1),-6.812006626008799,True
186,HIP-FCI (1),-15.377473124688963,True
187,HIP-FCI (1),-3.731452192679032,True
188,HIP-FCI (1),-10.104709792232178,True
189,HIP-FCI (1),-10.68286672645176,True
190,HIP-FCI (1),3.355077525753813,False
191,HIP-FCI (1),-7.077890376754633,True
192,HIP-FCI (1),3.023727545599476,False
193,HIP-FCI (1),-10.54396419694846,True
194,HIP-FCI (1),6.388839760500742,False
195,HIP-FCI (1),-0.06373410487019981,True
196,HIP-FCI (1),-5.803145554645485,True
197,HIP-FCI (1),-1.5955299565347505,True
198,HIP-FCI (1),6.027430155654781,False
199,HIP-FCI (1),-10.724017344599435,True
0,PCC-FCI (2),9.102809034427228,True
1,PCC-FCI (2),5.274840459708075,True
2,PCC-FCI (2),10.210040630605565,False
3,PCC-FCI (2),2.1862186110624586,True
4,PCC-FCI (2),13.76259585548495,False
5,PCC-FCI (2),7.440214406643486,True
6,PCC-FCI (2),-3.53600123660925,True
7,PCC-FCI (2),7.044827116376785,False
8,PCC-FCI (2),11.372987044927264,True
9,PCC-FCI (2),-1.833810831290008,True
10,PCC-FCI (2),8.366415907681782,True
11,PCC-FCI (2),8.772353226159497,True
12,PCC-FCI (2),4.751487392962451,False
13,PCC-FCI (2),11.42042930701081,False
14,PCC-FCI (2),13.850598547827197,False
15,PCC-FCI (2),-0.6393943782079914,True
16,PCC-FCI (2),14.793265068853058,False
17,PCC-FCI (2),8.675754279567547,True
18,PCC-FCI (2),8.89077670617369,True
19,PCC-FCI (2),6.514766372562952,True
20,PCC-FCI (2),3.234121329334739,False
21,PCC-FCI (2),17.572910513395016,False
22,PCC-FCI (2),6.8584951149591635,True
23,PCC-FCI (2),5.100129036995782,True
24,PCC-FCI (2),2.8678156618624713,True
25,PCC-FCI (2),13.636143723677687,True
26,PCC-FCI (2),7.98389743350217,True
27,PCC-FCI (2),7.842834730622457,True
28,PCC-FCI (2),16.147791171847746,False
29,PCC-FCI (2),9.511150540778427,True
30,PCC-FCI (2),8.054205417568838,True
31,PCC-FCI (2),8.59971057071018,True
32,PCC-FCI (2),11.019999283533535,False
33,PCC-FCI (2),6.697050936174393,True
34,PCC-FCI (2),15.271379879637502,True
35,PCC-FCI (2),6.574382594222513,True
36,PCC-FCI (2),10.670917984289872,False
37,PCC-FCI (2),0.40418111919631716,True
38,PCC-FCI (2),3.9214427818249664,True
39,PCC-FCI (2),8.218575541800776,True
40,PCC-FCI (2),-1.2549998442701336,True
41,PCC-FCI (2),-0.8338985161891337,True
42,PCC-FCI (2),4.673034808502164,True
43,PCC-FCI (2),4.356315522858951,True
44,PCC-FCI (2),6.159952573217451,True
45,PCC-FCI (2),10.58326417899614,False
46,PCC-FCI (2),6.84117503301861,True
47,PCC-FCI (2),11.010769564253433,True
48,PCC-FCI (2),5.096968071342491,True
49,PCC-FCI (2),17.792865680325022,False
50,PCC-FCI (2),8.135753402304701,True
51,PCC-FCI (2),2.2993196259632493,True
52,PCC-FCI (2),14.987636788086494,True
53,PCC-FCI (2),4.601700014409577,True
54,PCC-FCI (2),9.52723425781457,False
55,PCC-FCI (2),1.8508760446991488,False
56,PCC-FCI (2),8.296495210638856,False
57,PCC-FCI (2),7.309621007175729,True
58,PCC-FCI (2),9.858775293030561,False
59,PCC-FCI (2),8.677246129051165,True
60,PCC-FCI (2),10.22021868989686,True
61,PCC-FCI (2),3.2155398424546546,True
62,PCC-FCI (2),3.808602156733678,True
63,PCC-FCI (2),4.7414417668402615,True
64,PCC-FCI (2),3.603151264110499,True
65,PCC-FCI (2),-0.9145920187854122,True
66,PCC-FCI (2),16.200734102817496,False
67,PCC-FCI (2),7.661890177285445,False
68,PCC-FCI (2),11.042895763527794,False
69,PCC-FCI (2),4.545886918219379,True
70,PCC-FCI (2),-2.3988931156967004,True
71,PCC-FCI (2),12.083593484120268,True
72,PCC-FCI (2),14.404347718125855,True
73,PCC-FCI (2),3.878461422964522,True
74,PCC-FCI (2),9.279643995865106,True
75,PCC-FCI (2),8.682075658327285,False
76,PCC-FCI (2),1.7027962121250932,True
77,PCC-FCI (2),12.366251034074118,True
78,PCC-FCI (2),7.936055254204611,True
79,PCC-FCI (2),6.070291832857648,True
80,PCC-FCI (2),15.905946041241537,True
81,PCC-FCI (2),5.554182430373537,True
82,PCC-FCI (2),11.442971496684098,True
83,PCC-FCI (2),4.221195477221711,True
84,PCC-FCI (2),11.05285819532272,False
85,PCC-FCI (2),4.69545381736693,True
86,PCC-FCI (2),13.68307557987658,False
87,PCC-FCI (2),10.996929966645801,True
88,PCC-FCI (2),9.97370753840633,True
89,PCC-FCI (2),2.2669501006282533,True
90,PCC-FCI (2),5.6856824391260625,True
91,PCC-FCI (2),8.00839358883734,True
92,PCC-FCI (2),4.351135776478408,True
93,PCC-FCI (2),15.983952430772096,True
94,PCC-FCI (2),6.3543713899165635,True
95,PCC-FCI (2),4.3639673585236975,True
96,PCC-FCI (2),7.616397168058473,False
97,PCC-FCI (2),16.374157213887347,False
98,PCC-FCI (2),14.059301750416111,True
99,PCC-FCI (2),6.502610230217324,False
100,PCC-FCI (2),11.73338608433205,False
101,PCC-FCI (2),4.413960909477333,True
102,PCC-FCI (2),7.399041444531966,True
103,PCC-FCI (2),6.50879244078779,True
104,PCC-FCI (2),14.973847922716653,True
105,PCC-FCI (2),1.9805467568491104,True
106,PCC-FCI (2),19.59180837774924,False
107,PCC-FCI (2),11.079745640601693,False
108,PCC-FCI (2),13.23541797602144,True
109,PCC-FCI (2),21.42112102748467,False
110,PCC-FCI (2),4.5597409300954945,True
111,PCC-FCI (2),3.770401730682683,True
112,PCC-FCI (2),16.443326257870233,False
113,PCC-FCI (2),-0.029289697219886612,True
114,PCC-FCI (2),3.56956281056599,True
115,PCC-FCI (2),6.267988017217414,True
116,PCC-FCI (2),6.163850388301124,True
117,PCC-FCI (2),3.5675174482604795,True
118,PCC-FCI (2),6.044774961472527,True
119,PCC-FCI (2),9.81779340697397,True
120,PCC-FCI (2),7.560922512431789,True
121,PCC-FCI (2),1.2797817208555378,True
122,PCC-FCI (2),3.1971263766652176,True
123,PCC-FCI (2),9.992032818553353,True
124,PCC-FCI (2),5.316550753664852,True
125,PCC-FCI (2),5.231045406286821,True
126,PCC-FCI (2),3.224457625393639,True
127,PCC-FCI (2),10.282154108547328,True
128,PCC-FCI (2),7.336425443113015,True
129,PCC-FCI (2),4.513332051511961,True
130,PCC-FCI (2),2.3882812379252365,True
131,PCC-FCI (2),13.550050617071284,True
132,PCC-FCI (2),3.0353745566807975,True
133,PCC-FCI (2),4.485800331721785,True
134,PCC-FCI (2),6.3216204175687185,True
135,PCC-FCI (2),9.08199535676388,True
136,PCC-FCI (2),7.489474472128284,True
137,PCC-FCI (2),17.670713800314047,False
138,PCC-FCI (2),4.77317761656778,True
139,PCC-FCI (2),8.338335768035055,True
140,PCC-FCI (2),7.106942896892695,True
141,PCC-FCI (2),5.240701273948511,True
142,PCC-FCI (2),3.4817647167755412,True
143,PCC-FCI (2),3.3113567256007244,True
144,PCC-FCI (2),5.899311703885321,True
145,PCC-FCI (2),16.597837906588484,False
146,PCC-FCI (2),13.772721692449629,True
147,PCC-FCI (2),10.097436153644175,True
148,PCC-FCI (2),5.273729890342008,False
149,PCC-FCI (2),9.37206568199447,True
150,PCC-FCI (2),12.76704810706989,False
151,PCC-FCI (2),9.67269793731084,False
152,PCC-FCI (2),10.315180031831641,True
153,PCC-FCI (2),16.455541495851016,True
154,PCC-FCI (2),5.1475284429958705,True
155,PCC-FCI (2),6.039470328607393,True
156,PCC-FCI (2),10.990983129017355,False
157,PCC-FCI (2),16.849237436005016,False
158,PCC-FCI (2),4.9984930793803475,False
159,PCC-FCI (2),15.130300580980256,True
160,PCC-FCI (2),4.200969416912895,True
161,PCC-FCI (2),6.4652772134997365,True
162,PCC-FCI (2),11.871863651314376,False
163,PCC-FCI (2),15.939844936785775,False
164,PCC-FCI (2),2.7085370967089983,True
165,PCC-FCI (2),9.283656161871187,True
166,PCC-FCI (2),3.4224669493767497,True
167,PCC-FCI (2),5.777633201627347,True
168,PCC-FCI (2),7.400328507399704,False
169,PCC-FCI (2),6.681846380495991,True
170,PCC-FCI (2),1.7481279974444766,True
171,PCC-FCI (2),12.412150344709536,True
172,PCC-FCI (2),16.115916323354313,True
173,PCC-FCI (2),5.174711895393365,True
174,PCC-FCI (2),2.5377356769570047,True
175,PCC-FCI (2),16.927217927361617,False
176,PCC-FCI (2),16.43909990805439,False
177,PCC-FCI (2),6.469853552059513,True
178,PCC-FCI (2),4.1800980386991196,True
179,PCC-FCI (2),-1.498860324007735,True
180,PCC-FCI (2),5.121133400899399,True
181,PCC-FCI (2),3.381798860267022,True
182,PCC-FCI (2),7.107687471740448,True
183,PCC-FCI (2),9.475287121958054,False
184,PCC-FCI (2),15.395509909121362,True
185,PCC-FCI (2),5.632976882212734,True
186,PCC-FCI (2),2.7113297144905495,True
187,PCC-FCI (2),3.814272180544126,True
188,PCC-FCI (2),16.44131574707582,True
189,PCC-FCI (2),6.878221264033965,True
190,PCC-FCI (2),0.22634365040928905,False
191,PCC-FCI (2),1.5511564082540157,True
192,PCC-FCI (2),16.152516591193745,False
193,PCC-FCI (2),6.333198361141632,True
194,PCC-FCI (2),14.318586281212495,False
195,PCC-FCI (2),6.0597021279526,True
196,PCC-FCI (2),12.462879106479843,True
197,PCC-FCI (2),15.497763504949344,True
198,PCC-FCI (2),10.666896451690665,False
199,PCC-FCI (2),4.709540623678911,True
0,HIP-GMI (3),0.01404182550814631,True
1,HIP-GMI (3),0.21577734342949437,True
2,HIP-GMI (3),0.47011178075772286,False
3,HIP-GMI (3),0.2063925498863897,True
4,HIP-GMI (3),-0.00951738898591914,False
5,HIP-GMI (3),-0.17498816657504868,True
6,HIP-GMI (3),0.32786267676913333,True
7,HIP-GMI (3),-0.05264908166179377,False
8,HIP-GMI (3),0.502073167467835,True
9,HIP-GMI (3),0.8031556493306025,True
10,HIP-GMI (3),0.3015007543010022,True
11,HIP-GMI (3),0.49215490910486287,True
12,HIP-GMI (3),0.13886298597330032,False
13,HIP-GMI (3),0.546858226941018,False
14,HIP-GMI (3),0.22052096773481808,False
15,HIP-GMI (3),0.3002813528100485,True
16,HIP-GMI (3),0.34053364194513347,False
17,HIP-GMI (3),0.05724914780060064,True
18,HIP-GMI (3),0.04567556491870567,True
19,HIP-GMI (3),0.20934860747173234,True
20,HIP-GMI (3),0.18364107586729195,False
21,HIP-GMI (3),0.55284590029598,False
22,HIP-GMI (3),0.7326564474800104,True
23,HIP-GMI (3),0.09911548727806865,True
24,HIP-GMI (3),0.833677019722795,True
25,HIP-GMI (3),0.4619237396391188,True
26,HIP-GMI (3),0.3385268970881542,True
27,HIP-GMI (3),-0.40992394498491086,True
28,HIP-GMI (3),0.5067860188630532,False
29,HIP-GMI (3),0.4611815175037406,True
30,HIP-GMI (3),0.8992832572631981,True
31,HIP-GMI (3),0.09559399151917117,True
32,HIP-GMI (3),0.12236436112630278,False
33,HIP-GMI (3),-0.040093952749719663,True
34,HIP-GMI (3),0.585322613027641,True
35,HIP-GMI (3),0.09311124608710097,True
36,HIP-GMI (3),0.3517127832247687,False
37,HIP-GMI (3),0.7815648474214447,True
38,HIP-GMI (3),0.10393754324938664,True
39,HIP-GMI (3),0.9779189313459422,True
40,HIP-GMI (3),0.46372898826405134,True
41,HIP-GMI (3),0.15176816624091688,True
42,HIP-GMI (3),-0.1741691194807266,True
43,HIP-GMI (3),0.1568787984427843,True
44,HIP-GMI (3),1.0036161867779394,True
45,HIP-GMI (3),0.47572453813185933,False
46,HIP-GMI (3),0.5022722995806362,True
47,HIP-GMI (3),0.38341907386254614,True
48,HIP-GMI (3),0.0986449368738323,True
49,HIP-GMI (3),0.5201578797408642,False
50,HIP-GMI (3),0.8718365950349349,True
51,HIP-GMI (3),-0.08747036860762841,True
52,HIP-GMI (3),0.4092786996252801,True
53,HIP-GMI (3),0.1082755322777233,True
54,HIP-GMI (3),0.2972153665394837,False
55,HIP-GMI (3),0.44605460919226325,False
56,HIP-GMI (3),0.445192510725503,False
57,HIP-GMI (3),0.6794834892959571,True
58,HIP-GMI (3),0.37981738811065346,False
59,HIP-GMI (3),0.32137021043164005,True
60,HIP-GMI (3),0.43993676048559704,True
61,HIP-GMI (3),-0.4876933116056738,True
62,HIP-GMI (3),-0.07386899143721648,True
63,HIP-GMI (3),0.4004222670590452,True
64,HIP-GMI (3),0.3406235420604753,True
65,HIP-GMI (3),0.2683293244676451,True
66,HIP-GMI (3),0.6267348190379795,False
67,HIP-GMI (3),0.47011769602054704,False
68,HIP-GMI (3),0.7000501825656987,False
69,HIP-GMI (3),-0.32278024410210343,True
70,HIP-GMI (3),-0.33853718995912757,True
71,HIP-GMI (3),0.7043193437123922,True
72,HIP-GMI (3),0.13294396783092283,True
73,HIP-GMI (3),0.12278164064656372,True
74,HIP-GMI (3),0.8465954924622279,True
75,HIP-GMI (3),0.4426294634948036,False
76,HIP-GMI (3),0.6166320073194882,True
77,HIP-GMI (3),0.7364788473766724,True
78,HIP-GMI (3),0.36086722358103884,True
79,HIP-GMI (3),0.46508945473113544,True
80,HIP-GMI (3),0.4100111466687874,True
81,HIP-GMI (3),-0.009640856149873589,True
82,HIP-GMI (3),0.7903858244261166,True
83,HIP-GMI (3),0.07855950664410952,True
84,HIP-GMI (3),0.6478972887532832,False
85,HIP-GMI (3),0.3421129760033257,True
86,HIP-GMI (3),0.7713700231419529,False
87,HIP-GMI (3),0.3648137046458275,True
88,HIP-GMI (3),0.8461354514349627,True
89,HIP-GMI (3),0.12962998182970809,True
90,HIP-GMI (3),0.4803048194304831,True
91,HIP-GMI (3),-0.10967389140065509,True
92,HIP-GMI (3),0.33386077229657196,True
93,HIP-GMI (3),0.22996753242434964,True
94,HIP-GMI (3),0.4950565403567929,True
95,HIP-GMI (3),0.5565046897267902,True
96,HIP-GMI (3),0.50115138427968,False
97,HIP-GMI (3),0.3856504881335523,False
98,HIP-GMI (3),0.11908571008303315,True
99,HIP-GMI (3),0.44055655293782964,False
100,HIP-GMI (3),0.46889773737580404,False
101,HIP-GMI (3),0.42307378768559334,True
102,HIP-GMI (3),0.4329618540664618,True
103,HIP-GMI (3),0.05786475360964766,True
104,HIP-GMI (3),0.6369327671858961,True
105,HIP-GMI (3),0.6767946341802986,True
106,HIP-GMI (3),0.6342015132750581,False
107,HIP-GMI (3),0.22811479962432923,False
108,HIP-GMI (3),0.02900422325664076,True
109,HIP-GMI (3),0.18470480698337763,False
110,HIP-GMI (3),0.6190881290531383,True
111,HIP-GMI (3),0.26988930170767433,True
112,HIP-GMI (3),0.4434082522647351,False
113,HIP-GMI (3),0.4224798446929329,True
114,HIP-GMI (3),0.380764420823929,True
115,HIP-GMI (3),0.21860568834809357,True
116,HIP-GMI (3),-0.034851865652921366,True
117,HIP-GMI (3),0.06544989472613594,True
118,HIP-GMI (3),0.23927463951407094,True
119,HIP-GMI (3),0.2794788428235946,True
120,HIP-GMI (3),0.5377595528728119,True
121,HIP-GMI (3),0.6933084539852844,True
122,HIP-GMI (3),0.8658222330740883,True
123,HIP-GMI (3),0.30854559031759565,True
124,HIP-GMI (3),-0.11498403241925159,True
125,HIP-GMI (3),0.6283869667942521,True
126,HIP-GMI (3),0.4501034100571804,True
127,HIP-GMI (3),0.24036719554023425,True
128,HIP-GMI (3),1.0548500552495343,True
129,HIP-GMI (3),0.4107794134401402,True
130,HIP-GMI (3),0.7988758226750938,True
131,HIP-GMI (3),0.19017815467156174,True
132,HIP-GMI (3),0.5244751158612684,True
133,HIP-GMI (3),0.12033045088699973,True
134,HIP-GMI (3),-0.27841482169817405,True
135,HIP-GMI (3),1.1498031625407796,True
136,HIP-GMI (3),0.5005913937717542,True
137,HIP-GMI (3),0.13198458356028758,False
138,HIP-GMI (3),0.3191722483984252,True
139,HIP-GMI (3),0.5555272684370198,True
140,HIP-GMI (3),0.41469579182219196,True
141,HIP-GMI (3),0.09635272816144136,True
142,HIP-GMI (3),0.19971874255068683,True
143,HIP-GMI (3),1.190530560500125,True
144,HIP-GMI (3),0.7706581593731332,True
145,HIP-GMI (3),0.629843184011857,False
146,HIP-GMI (3),0.5872067553562028,True
147,HIP-GMI (3),0.5747668262564612,True
148,HIP-GMI (3),0.5304093803018743,False
149,HIP-GMI (3),0.8777379011345428,True
150,HIP-GMI (3),0.42935050274228326,False
151,HIP-GMI (3),-0.029474582149570216,False
152,HIP-GMI (3),0.201570796676709,True
153,HIP-GMI (3),0.4686347745383084,True
154,HIP-GMI (3),0.11536142984616271,True
155,HIP-GMI (3),0.41576275102813237,True
156,HIP-GMI (3),0.158891400041221,False
157,HIP-GMI (3),0.21477967644401644,False
158,HIP-GMI (3),0.38262741672356704,False
159,HIP-GMI (3),0.39278974637178543,True
160,HIP-GMI (3),-0.0967854836560001,True
161,HIP-GMI (3),0.035894629353574625,True
162,HIP-GMI (3),0.33688296282806807,False
163,HIP-GMI (3),0.6985424719747549,False
164,HIP-GMI (3),0.8088816588051471,True
165,HIP-GMI (3),-0.208239471454709,True
166,HIP-GMI (3),1.0898075259717466,True
167,HIP-GMI (3),0.4451431155766675,True
168,HIP-GMI (3),0.20051299013080842,False
169,HIP-GMI (3),0.4839984150743297,True
170,HIP-GMI (3),0.44902036301266673,True
171,HIP-GMI (3),0.284620113145842,True
172,HIP-GMI (3),0.36341317922983435,True
173,HIP-GMI (3),0.2960918828624676,True
174,HIP-GMI (3),0.6560019915975619,True
175,HIP-GMI (3),0.33630703387427263,False
176,HIP-GMI (3),0.2813199914154006,False
177,HIP-GMI (3),0.5845079085847169,True
178,HIP-GMI (3),-0.03893525017524929,True
179,HIP-GMI (3),0.19150396086575622,True
180,HIP-GMI (3),0.896924249202637,True
181,HIP-GMI (3),0.7469607983014621,True
182,HIP-GMI (3),0.37790092023407107,True
183,HIP-GMI (3),0.15799846359059294,False
184,HIP-GMI (3),0.4095951611360359,True
185,HIP-GMI (3),0.3194723045622701,True
186,HIP-GMI (3),-0.10313636276009147,True
187,HIP-GMI (3),-0.3917441985744446,True
188,HIP-GMI (3),0.46942204064205206,True
189,HIP-GMI (3),0.7066988584901974,True
190,HIP-GMI (3),0.3111486861322466,False
191,HIP-GMI (3),0.4665544555958704,True
192,HIP-GMI (3),0.6515285604307107,False
193,HIP-GMI (3),-0.1276713052770187,True
194,HIP-GMI (3),0.5033351521786567,False
195,HIP-GMI (3),0.8528588307366569,True
196,HIP-GMI (3),0.32103324805945627,True
197,HIP-GMI (3),0.38721162596257924,True
198,HIP-GMI (3),0.6292808391509606,False
199,HIP-GMI (3),0.1927066157416057,True
0,FUS-GMI (4),0.5944412841308703,True
1,FUS-GMI (4),0.6740361585145642,True
2,FUS-GMI (4),0.6648513686771066,False
3,FUS-GMI (4),0.6258416630519466,True
4,FUS-GMI (4),0.5329983101617338,False
5,FUS-GMI (4),0.5291281955756739,True
6,FUS-GMI (4),0.666750856426898,True
7,FUS-GMI (4),0.622642093465127,False
8,FUS-GMI (4),0.5990469804936905,True
9,FUS-GMI (4),0.3709419429089489,True
10,FUS-GMI (4),0.5818838269144052,True
11,FUS-GMI (4),0.6203728081932357,True
12,FUS-GMI (4),0.7769263141546545,False
13,FUS-GMI (4),0.6576128589808857,False
14,FUS-GMI (4),0.5919010265568123,False
15,FUS-GMI (4),0.5158808868595687,True
16,FUS-GMI (4),0.6296599790832843,False
17,FUS-GMI (4),0.6988957566074094,True
18,FUS-GMI (4),0.7160842636334417,True
19,FUS-GMI (4),0.46755625685788027,True
20,FUS-GMI (4),0.5255221059801936,False
21,FUS-GMI (4),0.5555207700215048,False
22,FUS-GMI (4),0.48029895419079427,True
23,FUS-GMI (4),0.4709640312964804,True
24,FUS-GMI (4),0.4250156567692682,True
25,FUS-GMI (4),0.579621374053585,True
26,FUS-GMI (4),0.490364317967138,True
27,FUS-GMI (4),0.6094248076675918,True
28,FUS-GMI (4),0.5235966586768309,False
29,FUS-GMI (4),0.6129221225181677,True
30,FUS-GMI (4),0.5210587190761836,True
31,FUS-GMI (4),0.685866970862058,True
32,FUS-GMI (4),0.5556715126100747,False
33,FUS-GMI (4),0.5424910211500181,True
34,FUS-GMI (4),0.5457727822773213,True
35,FUS-GMI (4),0.7028321825246813,True
36,FUS-GMI (4),0.5579944946081297,False
37,FUS-GMI (4),0.4700079453935318,True
38,FUS-GMI (4),0.4836909595773537,True
39,FUS-GMI (4),0.6596288587315063,True
40,FUS-GMI (4),0.6043270924426717,True
41,FUS-GMI (4),0.6211807690241108,True
42,FUS-GMI (4),0.3170685117549098,True
43,FUS-GMI (4),0.5289749727095948,True
44,FUS-GMI (4),0.5558145521881616,True
45,FUS-GMI (4),0.6171204659765651,False
46,FUS-GMI (4),0.6934026468760707,True
47,FUS-GMI (4),0.5745303323247574,True
48,FUS-GMI (4),0.5382520073304076,True
49,FUS-GMI (4),0.6016954682495226,False
50,FUS-GMI (4),0.5345471385866505,True
51,FUS-GMI (4),0.6457309924101181,True
52,FUS-GMI (4),0.5500905687157291,True
53,FUS-GMI (4),0.5800761015837351,True
54,FUS-GMI (4),0.5799065912721907,False
55,FUS-GMI (4),0.6269888068703392,False
56,FUS-GMI (4),0.7060221652695005,False
57,FUS-GMI (4),0.42409867938430024,True
58,FUS-GMI (4),0.6486333804478593,False
59,FUS-GMI (4),0.6888170597202491,True
60,FUS-GMI (4),0.6296227647689395,True
61,FUS-GMI (4),0.568773997713414,True
62,FUS-GMI (4),0.5864283192184521,True
63,FUS-GMI (4),0.5586989567226212,True
64,FUS-GMI (4),0.5710152614230755,True
65,FUS-GMI (4),0.6649126594947076,True
66,FUS-GMI (4),0.600591174531432,False
67,FUS-GMI (4),0.5809334169103851,False
68,FUS-GMI (4),0.49158116576980937,False
69,FUS-GMI (4),0.566215332007709,True
70,FUS-GMI (4),0.5726794526289982,True
71,FUS-GMI (4),0.5171714881411346,True
72,FUS-GMI (4),0.6913599839280373,True
73,FUS-GMI (4),0.5351534148440752,True
74,FUS-GMI (4),0.637584749294055,True
75,FUS-GMI (4),0.6966373966231194,False
76,FUS-GMI (4),0.6043791389620795,True
77,FUS-GMI (4),0.5985488275754938,True
78,FUS-GMI (4),0.6214031975891872,True
79,FUS-GMI (4),0.5957331683230522,True
80,FUS-GMI (4),0.6381058823537386,True
81,FUS-GMI (4),0.4805546433197684,True
82,FUS-GMI (4),0.5357939675792149,True
83,FUS-GMI (4),0.44143245102618023,True
84,FUS-GMI (4),0.5642194719529299,False
85,FUS-GMI (4),0.521163590015082,True
86,FUS-GMI (4),0.5822450561813755,False
87,FUS-GMI (4),0.5904949351331333,True
88,FUS-GMI (4),0.5899337800399259,True
89,FUS-GMI (4),0.6086393621683831,True
90,FUS-GMI (4),0.6339071544600857,True
91,FUS-GMI (4),0.6837462038811754,True
92,FUS-GMI (4),0.6249198600261647,True
93,FUS-GMI (4),0.5632021972830893,True
94,FUS-GMI (4),0.5592833018540491,True
95,FUS-GMI (4),0.5927181042927708,True
96,FUS-GMI (4),0.583077753619072,False
97,FUS-GMI (4),0.6344538422158326,False
98,FUS-GMI (4),0.5660827308256565,True
99,FUS-GMI (4),0.5795729356759322,False
100,FUS-GMI (4),0.6031550736783242,False
101,FUS-GMI (4),0.3536190472656839,True
102,FUS-GMI (4),0.4646518787559714,True
103,FUS-GMI (4),0.5727896556699541,True
104,FUS-GMI (4),0.6068565240565585,True
105,FUS-GMI (4),0.6925500517430515,True
106,FUS-GMI (4),0.539418763589279,False
107,FUS-GMI (4),0.6464546029604338,False
108,FUS-GMI (4),0.5993762599689618,True
109,FUS-GMI (4),0.5971950857304116,False
110,FUS-GMI (4),0.5589594094834325,True
111,FUS-GMI (4),0.48077993239729977,True
112,FUS-GMI (4),0.5721775990465543,False
113,FUS-GMI (4),0.5454578409687331,True
114,FUS-GMI (4),0.4057901194545481,True
115,FUS-GMI (4),0.5606444000813617,True
116,FUS-GMI (4),0.4967139529917868,True
117,FUS-GMI (4),0.5146379295276718,True
118,FUS-GMI (4),0.39581303983486227,True
119,FUS-GMI (4),0.5150168629632803,True
120,FUS-GMI (4),0.6120479828224825,True
121,FUS-GMI (4),0.5348110267932635,True
122,FUS-GMI (4),0.6469607295065329,True
123,FUS-GMI (4),0.4739502900755878,True
124,FUS-GMI (4),0.5660570139300879,True
125,FUS-GMI (4),0.538187767699657,True
126,FUS-GMI (4),0.5994027845314072,True
127,FUS-GMI (4),0.5359911921247268,True
128,FUS-GMI (4),0.5505517051384612,True
129,FUS-GMI (4),0.5729228751107565,True
130,FUS-GMI (4),0.6682124081040546,True
131,FUS-GMI (4),0.5490487235125575,True
132,FUS-GMI (4),0.6033722524183766,True
133,FUS-GMI (4),0.46179951587027435,True
134,FUS-GMI (4),0.61446952637829,True
135,FUS-GMI (4),0.6085868436742496,True
136,FUS-GMI (4),0.5596328869638996,True
137,FUS-GMI (4),0.7580418342546573,False
138,FUS-GMI (4),0.5026850096391487,True
139,FUS-GMI (4),0.5148129985640737,True
140,FUS-GMI (4),0.5777982720303979,True
141,FUS-GMI (4),0.5683107199185955,True
142,FUS-GMI (4),0.50915607941796,True
143,FUS-GMI (4),0.5583330295103224,True
144,FUS-GMI (4),0.5378182023656445,True
145,FUS-GMI (4),0.647012512278406,False
146,FUS-GMI (4),0.4994911453393452,True
147,FUS-GMI (4),0.6196218226570145,True
148,FUS-GMI (4),0.5335022670766874,False
149,FUS-GMI (4),0.34349273639801403,True
150,FUS-GMI (4),0.6259398829653476,False
151,FUS-GMI (4),0.5730952491246402,False
152,FUS-GMI (4),0.5674081529608035,True
153,FUS-GMI (4),0.6147379855326855,True
154,FUS-GMI (4),0.6131827073580681,True
155,FUS-GMI (4),0.7277186931966656,True
156,FUS-GMI (4),0.6600828170421056,False
157,FUS-GMI (4),0.39418989178259445,False
158,FUS-GMI (4),0.5460799856681959,False
159,FUS-GMI (4),0.5640588344502492,True
160,FUS-GMI (4),0.4745343572575626,True
161,FUS-GMI (4),0.6580535781081464,True
162,FUS-GMI (4),0.6503455100976782,False
163,FUS-GMI (4),0.6201283523611154,False
164,FUS-GMI (4),0.6881671798678443,True
165,FUS-GMI (4),0.5727790566536601,True
166,FUS-GMI (4),0.6291409687583358,True
167,FUS-GMI (4),0.7335360731097165,True
168,FUS-GMI (4),0.6787832030621902,False
169,FUS-GMI (4),0.5367265906708094,True
170,FUS-GMI (4),0.622231517519823,True
171,FUS-GMI (4),0.5990521408455606,True
172,FUS-GMI (4),0.5230571125424068,True
173,FUS-GMI (4),0.638223897611281,True
174,FUS-GMI (4),0.5643318786981322,True
175,FUS-GMI (4),0.6449282065517002,False
176,FUS-GMI (4),0.6042418113081076,False
177,FUS-GMI (4),0.5234531555466766,True
178,FUS-GMI (4),0.6043890429609343,True
179,FUS-GMI (4),0.5514296567743544,True
180,FUS-GMI (4),0.5704399200868312,True
181,FUS-GMI (4),0.5224844511777652,True
182,FUS-GMI (4),0.41084997821766234,True
183,FUS-GMI (4),0.7021184424242696,False
184,FUS-GMI (4),0.6096272038237888,True
185,FUS-GMI (4),0.6040141091638771,True
186,FUS-GMI (4),0.48125789930210094,True
187,FUS-GMI (4),0.4520299118145975,True
188,FUS-GMI (4),0.5967378139690513,True
189,FUS-GMI (4),0.5266991121410817,True
190,FUS-GMI (4),0.5697738000988307,False
191,FUS-GMI (4),0.5665475990077333,True
192,FUS-GMI (4),0.6647691328130972,False
193,FUS-GMI (4),0.5099305383853613,True
194,FUS-GMI (4),0.6260111059849285,False
195,FUS-GMI (4),0.6423875950764533,True
196,FUS-GMI (4),0.5306780435705223,True
197,FUS-GMI (4),0.7061110528542262,True
198,FUS-GMI (4),0.7084417200247654,False
199,FUS-GMI (4),0.5148550725828115,True
0,FUS-FCI (5),-7.159096286199187,True
1,FUS-FCI (5),-10.336667181951261,True
2,FUS-FCI (5),-7.341526876351402,False
3,FUS-FCI (5),-11.098761895025731,True
4,FUS-FCI (5),-14.544039637572055,False
5,FUS-FCI (5),-8.87042540107393,True
6,FUS-FCI (5),-30.121956804063657,True
7,FUS-FCI (5),-17.227574229559792,False
8,FUS-FCI (5),-9.615384376615165,True
9,FUS-FCI (5),-16.479785746840214,True
10,FUS-FCI (5),-6.196289236981803,True
11,FUS-FCI (5),-11.31355135069019,True
12,FUS-FCI (5),-11.623614601517037,False
13,FUS-FCI (5),-7.8313693307187915,False
14,FUS-FCI (5),-10.846991411053054,False
15,FUS-FCI (5),-9.550656617988208,True
16,FUS-FCI (5),-11.337425983300205,False
17,FUS-FCI (5),-9.712243851039403,True
18,FUS-FCI (5),-15.55226477498386,True
19,FUS-FCI (5),-11.6422052186179,True
20,FUS-FCI (5),-12.309326267621506,False
21,FUS-FCI (5),-8.860026619592636,False
22,FUS-FCI (5),-7.250713236443398,True
23,FUS-FCI (5),-26.89073741022481,True
24,FUS-FCI (5),-19.107309333259842,True
25,FUS-FCI (5),-4.930729724399746,True
26,FUS-FCI (5),-13.806787149925135,True
27,FUS-FCI (5),-14.680969617661503,True
28,FUS-FCI (5),-9.479761577011056,False
29,FUS-FCI (5),-10.56957908939363,True
30,FUS-FCI (5),-9.063733177081582,True
31,FUS-FCI (5),-19.869620092740863,True
32,FUS-FCI (5),-8.617316393948654,False
33,FUS-FCI (5),-9.471962753193935,True
34,FUS-FCI (5),-11.794618620901021,True
35,FUS-FCI (5),-10.740402548090907,True
36,FUS-FCI (5),-4.65986174202826,False
37,FUS-FCI (5),-5.468178680546977,True
38,FUS-FCI (5),-2.014724664802956,True
39,FUS-FCI (5),-2.0786398548368306,True
40,FUS-FCI (5),-5.968319872766692,True
41,FUS-FCI (5),-9.557591135102816,True
42,FUS-FCI (5),-10.617607544772557,True
43,FUS-FCI (5),-9.396572682025953,True
44,FUS-FCI (5),-12.403911619731169,True
45,FUS-FCI (5),-8.152686419093445,False
46,FUS-FCI (5),-11.034212536665885,True
47,FUS-FCI (5),-6.063597022290999,True
48,FUS-FCI (5),-6.872956440277761,True
49,FUS-FCI (5),-7.86247084810616,False
50,FUS-FCI (5),-12.265892238851292,True
51,FUS-FCI (5),-14.86860899289357,True
52,FUS-FCI (5),-8.37464389582695,True
53,FUS-FCI (5),-12.62957851547241,True
54,FUS-FCI (5),-11.165855322942297,False
55,FUS-FCI (5),-5.228132342494872,False
56,FUS-FCI (5),-13.736396912066725,False
57,FUS-FCI (5),-17.82223340005771,True
58,FUS-FCI (5),-12.7764911012498,False
59,FUS-FCI (5),-8.760488181623892,True
60,FUS-FCI (5),-14.110675759339468,True
61,FUS-FCI (5),-12.556416601697677,True
62,FUS-FCI (5),-11.01271534478428,True
63,FUS-FCI (5),-3.6483673889627486,True
64,FUS-FCI (5),-8.918687996663392,True
65,FUS-FCI (5),-12.315795829922417,True
66,FUS-FCI (5),-8.165273592270328,False
67,FUS-FCI (5),-9.342738915915778,False
68,FUS-FCI (5),-6.910043879118451,False
69,FUS-FCI (5),-24.849852203806087,True
70,FUS-FCI (5),-14.30175199435013,True
71,FUS-FCI (5),-13.02942842111807,True
72,FUS-FCI (5),-9.679574467232971,True
73,FUS-FCI (5),-5.44244584422175,True
74,FUS-FCI (5),-4.897211467697585,True
75,FUS-FCI (5),-6.780814055472191,False
76,FUS-FCI (5),-12.975256056466971,True
77,FUS-FCI (5),-10.012545160049276,True
78,FUS-FCI (5),-12.668182032318613,True
79,FUS-FCI (5),-9.359524659611088,True
80,FUS-FCI (5),-10.637396643895567,True
81,FUS-FCI (5),-6.505620445988296,True
82,FUS-FCI (5),-11.6313482285456,True
83,FUS-FCI (5),-14.16182417415365,True
84,FUS-FCI (5),-4.912070537566876,False
85,FUS-FCI (5),-24.85497722519412,True
86,FUS-FCI (5),-12.461105326527129,False
87,FUS-FCI (5),-10.77217734923856,True
88,FUS-FCI (5),-11.427975671442791,True
89,FUS-FCI (5),-10.122633493258366,True
90,FUS-FCI (5),-18.783383161608477,True
91,FUS-FCI (5),-12.629391521756624,True
92,FUS-FCI (5),-14.871260932901835,True
93,FUS-FCI (5),-6.698849921735162,True
94,FUS-FCI (5),-24.7439164968743,True
95,FUS-FCI (5),-11.816527851086665,True
96,FUS-FCI (5),-2.953941210931612,False
97,FUS-FCI (5),-19.714526509792492,False
98,FUS-FCI (5),-10.126767991069885,True
99,FUS-FCI (5),-13.83597055539448,False
100,FUS-FCI (5),-9.04716993052496,False
101,FUS-FCI (5),-15.93214914567994,True
102,FUS-FCI (5),-12.982095510946575,True
103,FUS-FCI (5),-16.561274895328488,True
104,FUS-FCI (5),-11.580782107860081,True
105,FUS-FCI (5),-8.841814693099902,True
106,FUS-FCI (5),-4.476996068900826,False
107,FUS-FCI (5),-10.790669514880612,False
108,FUS-FCI (5),-9.080602405330778,True
109,FUS-FCI (5),-6.4673622862653275,False
110,FUS-FCI (5),-2.799647249550734,True
111,FUS-FCI (5),-9.750750817055652,True
112,FUS-FCI (5),-9.137002806694118,False
113,FUS-FCI (5),-14.96053492241481,True
114,FUS-FCI (5),-14.573875082032846,True
115,FUS-FCI (5),-15.465407038577023,True
116,FUS-FCI (5),-16.192720770818802,True
117,FUS-FCI (5),-9.74958234425358,True
118,FUS-FCI (5),-12.042055153678568,True
119,FUS-FCI (5),-23.713618130227935,True
120,FUS-FCI (5),-5.664459399253248,True
121,FUS-FCI (5),-13.556810604419027,True
122,FUS-FCI (5),-7.950652718694487,True
123,FUS-FCI (5),-6.3611644234230695,True
124,FUS-FCI (5),-6.00545629480923,True
125,FUS-FCI (5),-7.276171402684733,True
126,FUS-FCI (5),-9.831006323914732,True
127,FUS-FCI (5),-11.948454160910144,True
128,FUS-FCI (5),-18.767791375349123,True
129,FUS-FCI (5),-15.370960677585071,True
130,FUS-FCI (5),-13.354281861578373,True
131,FUS-FCI (5),-11.410131725558335,True
132,FUS-FCI (5),-12.49542617649213,True
133,FUS-FCI (5),-12.685339178896491,True
134,FUS-FCI (5),-6.630342382530722,True
135,FUS-FCI (5),-9.210852764722063,True
136,FUS-FCI (5),-18.350781474112907,True
137,FUS-FCI (5),-12.89194394083896,False
138,FUS-FCI (5),-13.77039074629597,True
139,FUS-FCI (5),-14.590376287218842,True
140,FUS-FCI (5),-9.897877491348725,True
141,FUS-FCI (5),-12.881072187625039,True
142,FUS-FCI (5),-19.247065017741598,True
143,FUS-FCI (5),-16.369930769289326,True
144,FUS-FCI (5),-12.774561785313265,True
145,FUS-FCI (5),-8.31228759052535,False
146,FUS-FCI (5),-8.408817590818384,True
147,FUS-FCI (5),-8.345942115535298,True
148,FUS-FCI (5),-4.4241146680860695,False
149,FUS-FCI (5),-17.97658918070861,True
150,FUS-FCI (5),-10.53873421273508,False
151,FUS-FCI (5),-11.68681454960587,False
152,FUS-FCI (5),-19.87934835402512,True
153,FUS-FCI (5),-8.468715529534075,True
154,FUS-FCI (5),-12.721312743829076,True
155,FUS-FCI (5),-5.94004700112782,True
156,FUS-FCI (5),-7.510627101292798,False
157,FUS-FCI (5),-4.417663788721203,False
158,FUS-FCI (5),-7.4456901832620686,False
159,FUS-FCI (5),-10.698425995398848,True
160,FUS-FCI (5),-29.17768741473587,True
161,FUS-FCI (5),-10.550715515196247,True
162,FUS-FCI (5),-12.183003939921386,False
163,FUS-FCI (5),-12.528095949621912,False
164,FUS-FCI (5),-10.264149081467181,True
165,FUS-FCI (5),-13.848289198362405,True
166,FUS-FCI (5),-10.90682548866852,True
167,FUS-FCI (5),-8.645597217047603,True
168,FUS-FCI (5),-11.749947266835974,False
169,FUS-FCI (5),-9.382982313711745,True
170,FUS-FCI (5),-7.3246139707583,True
171,FUS-FCI (5),-12.629360371635958,True
172,FUS-FCI (5),-8.976694013394331,True
173,FUS-FCI (5),-14.62347090738726,True
174,FUS-FCI (5),-10.820935309561545,True
175,FUS-FCI (5),-15.436058900526369,False
176,FUS-FCI (5),-6.446433104702281,False
177,FUS-FCI (5),-5.286757444855576,True
178,FUS-FCI (5),-8.498720929000477,True
179,FUS-FCI (5),-21.358864989217196,True
180,FUS-FCI (5),-10.023328954761006,True
181,FUS-FCI (5),-17.60004419381533,True
182,FUS-FCI (5),-20.89392102357941,True
183,FUS-FCI (5),-9.562414667447905,False
184,FUS-FCI (5),-10.380647376751403,True
185,FUS-FCI (5),-9.19254145075786,True
186,FUS-FCI (5),-25.60597091608647,True
187,FUS-FCI (5),-7.5797994516397456,True
188,FUS-FCI (5),-11.315386542765975,True
189,FUS-FCI (5),-10.197040857860424,True
190,FUS-FCI (5),-12.275154349316923,False
191,FUS-FCI (5),-9.753756374779169,True
192,FUS-FCI (5),-11.811857137252334,False
193,FUS-FCI (5),-9.573177360679983,True
194,FUS-FCI (5),-9.826417803896325,False
195,FUS-FCI (5),-8.78339086644801,True
196,FUS-FCI (5),-12.801223002352804,True
197,FUS-FCI (5),-2.3390393166258194,True
198,FUS-FCI (5),-2.4528610977150676,False
199,FUS-FCI (5),-11.273096699696177,True
