participant,biomarker,measurement,diseased
0,HIP-FCI (1),5.347386574087433,False
1,HIP-FCI (1),-17.027006411075497,True
2,HIP-FCI (1),-0.9798180337522124,True
3,HIP-FCI (1),-5.98735473739478,True
4,HIP-FCI (1),0.6945748669230172,True
5,HIP-FCI (1),-0.8700618298441638,True
6,HIP-FCI (1),3.432505152663099,True
7,HIP-FCI (1),-10.901467712772892,True
8,HIP-FCI (1),-6.858196437056048,True
9,HIP-FCI (1),-4.873593350001842,True
10,HIP-FCI (1),-11.53657809985333,True
11,HIP-FCI (1),0.719833591360147,True
12,HIP-FCI (1),-5.423701670267424,True
13,HIP-FCI (1),-16.07339124145193,True
14,HIP-FCI (1),-5.12118202653043,True
15,HIP-FCI (1),-4.494548222670968,True
16,HIP-FCI (1),-2.8126890326627736,True
17,HIP-FCI (1),-3.193102113871568,True
18,HIP-FCI (1),0.9938381954051776,True
19,HIP-FCI (1),-14.305191135924922,True
20,HIP-FCI (1),-3.6846177470025294,True
21,HIP-FCI (1),-8.092921053532894,True
22,HIP-FCI (1),-11.885721994254624,True
23,HIP-FCI (1),7.103319501102967,False
24,HIP-FCI (1),1.222236636728847,True
25,HIP-FCI (1),-13.66952856392743,True
26,HIP-FCI (1),-11.690685935426616,True
27,HIP-FCI (1),-2.5669812580027185,True
28,HIP-FCI (1),6.797092536868231,False
29,HIP-FCI (1),-18.49185938992553,True
30,HIP-FCI (1),16.05609370703458,True
31,HIP-FCI (1),-0.7174828871386039,True
32,HIP-FCI (1),-8.426175850903075,True
33,HIP-FCI (1),2.4512637767667824,True
34,HIP-FCI (1),-10.838322996334519,True
35,HIP-FCI (1),-3.6410879340061273,True
36,HIP-FCI (1),1.9184932783284276,True
37,HIP-FCI (1),-11.295621809946184,True
38,HIP-FCI (1),3.711690468852356,False
39,HIP-FCI (1),-8.690464489742107,True
40,HIP-FCI (1),3.9441490872659157,False
41,HIP-FCI (1),-6.469340168193813,True
42,HIP-FCI (1),-0.4852637306095522,True
43,HIP-FCI (1),-19.92792640869792,True
44,HIP-FCI (1),2.025895662521564,True
45,HIP-FCI (1),-22.34555130542975,True
46,HIP-FCI (1),-6.6435572891213885,True
47,HIP-FCI (1),-10.236831623825493,True
48,HIP-FCI (1),-6.342061916100513,True
49,HIP-FCI (1),-3.884484485857155,True
0,PCC-FCI (2),5.806108581704837,False
1,PCC-FCI (2),0.15497175845196143,True
2,PCC-FCI (2),8.587159371932618,True
3,PCC-FCI (2),0.593738146220196,True
4,PCC-FCI (2),6.2027738210185115,True
5,PCC-FCI (2),6.286147551468831,True
6,PCC-FCI (2),3.8444290870020317,True
7,PCC-FCI (2),6.559259404881185,True
8,PCC-FCI (2),5.765297103705519,True
9,PCC-FCI (2),5.08128716528566,True
10,PCC-FCI (2),6.431469886047046,True
11,PCC-FCI (2),-0.6642761536095305,True
12,PCC-FCI (2),7.642012326546139,True
13,PCC-FCI (2),3.122418861012722,True
14,PCC-FCI (2),-0.38939511915106273,True
15,PCC-FCI (2),3.077593937297655,True
16,PCC-FCI (2),7.850435448064068,True
17,PCC-FCI (2),4.130845568005662,True
18,PCC-FCI (2),6.885109111013688,True
19,PCC-FCI (2),0.37025990242151874,True
20,PCC-FCI (2),13.376580187584388,True
21,PCC-FCI (2),11.024738935127697,True
22,PCC-FCI (2),10.539006963903214,True
23,PCC-FCI (2),15.025845465315218,False
24,PCC-FCI (2),6.069788453886994,True
25,PCC-FCI (2),-0.5471569302218819,True
26,PCC-FCI (2),1.5574380992022845,True
27,PCC-FCI (2),6.372219502864638,True
28,PCC-FCI (2),9.311778143271317,False
29,PCC-FCI (2),8.709223232495317,True
30,PCC-FCI (2),1.9084602015672139,True
31,PCC-FCI (2),-2.0705420830352175,True
32,PCC-FCI (2),9.49458162530085,True
33,PCC-FCI (2),12.840630374420599,True
34,PCC-FCI (2),6.99785756355502,True
35,PCC-FCI (2),3.2238892593114117,True
36,PCC-FCI (2),3.5123243209635424,True
37,PCC-FCI (2),4.87553433684782,True
38,PCC-FCI (2),10.31035949895652,False
39,PCC-FCI (2),17.937107494728245,True
40,PCC-FCI (2),11.144560517516863,False
41,PCC-FCI (2),0.6068366809399182,True
42,PCC-FCI (2),2.662820995864781,True
43,PCC-FCI (2),6.258515953455995,True
44,PCC-FCI (2),4.0915008403357405,True
45,PCC-FCI (2),0.9010809204405295,True
46,PCC-FCI (2),18.20621587468248,True
47,PCC-FCI (2),5.5625834729831425,True
48,PCC-FCI (2),6.834283196406764,True
49,PCC-FCI (2),8.754739481735125,True
0,HIP-GMI (3),0.25026897259519776,False
1,HIP-GMI (3),0.4622616565857572,True
2,HIP-GMI (3),0.17568418167518796,True
3,HIP-GMI (3),0.5697646631879875,True
4,HIP-GMI (3),0.2975134778106368,True
5,HIP-GMI (3),0.9180156462866893,True
6,HIP-GMI (3),0.12659720264860397,True
7,HIP-GMI (3),0.3261614676706174,True
8,HIP-GMI (3),0.6863091572189055,True
9,HIP-GMI (3),0.5985620625396249,True
10,HIP-GMI (3),-0.18387195642872306,True
11,HIP-GMI (3),1.0268706283325908,True
12,HIP-GMI (3),0.37709670456242655,True
13,HIP-GMI (3),0.08501276170571259,True
14,HIP-GMI (3),-0.09381685988094418,True
15,HIP-GMI (3),0.39780920599858505,True
16,HIP-GMI (3),0.3836918896537133,True
17,HIP-GMI (3),0.25069940389694967,True
18,HIP-GMI (3),0.27964670589894397,True
19,HIP-GMI (3),0.34316182591038585,True
20,HIP-GMI (3),0.04264011229870579,True
21,HIP-GMI (3),0.2690584489220038,True
22,HIP-GMI (3),1.150224486479161,True
23,HIP-GMI (3),0.30475026959441437,False
24,HIP-GMI (3),0.1873684111399183,True
25,HIP-GMI (3),0.5713911839959591,True
26,HIP-GMI (3),-0.1598287637114213,True
27,HIP-GMI (3),0.2735358061193142,True
28,HIP-GMI (3),0.15961645563519902,False
29,HIP-GMI (3),0.5381486619686169,True
30,HIP-GMI (3),0.26441366632020047,True
31,HIP-GMI (3),0.6068315307032761,True
32,HIP-GMI (3),0.7487626348876009,True
33,HIP-GMI (3),0.17604314174034735,True
34,HIP-GMI (3),0.6079240818481184,True
35,HIP-GMI (3),0.2982361366996374,True
36,HIP-GMI (3),0.279589859656705,True
37,HIP-GMI (3),0.09074362919062173,True
38,HIP-GMI (3),0.2070514505952716,False
39,HIP-GMI (3),0.6552913130589876,True
40,HIP-GMI (3),-0.0697628781690991,False
41,HIP-GMI (3),-0.06481392180022155,True
42,HIP-GMI (3),0.5839109226184561,True
43,HIP-GMI (3),0.5534936126193506,True
44,HIP-GMI (3),1.184459050817212,True
45,HIP-GMI (3),0.558431241780233,True
46,HIP-GMI (3),0.347877120324068,True
47,HIP-GMI (3),-0.2845185578061728,True
48,HIP-GMI (3),-0.05820630933136994,True
49,HIP-GMI (3),-0.5299904204074829,True
0,FUS-GMI (4),0.4839387770694741,False
1,FUS-GMI (4),0.6111286242435037,True
2,FUS-GMI (4),0.6073117526025774,True
3,FUS-GMI (4),0.5254845849901136,True
4,FUS-GMI (4),0.446039948558048,True
5,FUS-GMI (4),0.45617179232367866,True
6,FUS-GMI (4),0.445834925674548,True
7,FUS-GMI (4),0.536114661336785,True
8,FUS-GMI (4),0.4432701298690662,True
9,FUS-GMI (4),0.4563172858509487,True
10,FUS-GMI (4),0.5340301941153952,True
11,FUS-GMI (4),0.5336109897290116,True
12,FUS-GMI (4),0.6344872198705884,True
13,FUS-GMI (4),0.5058157917877885,True
14,FUS-GMI (4),0.5552566770471454,True
15,FUS-GMI (4),0.48442757956850524,True
16,FUS-GMI (4),0.5942470556497459,True
17,FUS-GMI (4),0.45459230211184465,True
18,FUS-GMI (4),0.3940960057563249,True
19,FUS-GMI (4),0.432108525650727,True
20,FUS-GMI (4),0.5779828755324876,True
21,FUS-GMI (4),0.5259109664350812,True
22,FUS-GMI (4),0.4986516356375162,True
23,FUS-GMI (4),0.6930183782207734,False
24,FUS-GMI (4),0.5518045147274266,True
25,FUS-GMI (4),0.6713586638056488,True
26,FUS-GMI (4),0.49504252067918736,True
27,FUS-GMI (4),0.4896008843425597,True
28,FUS-GMI (4),0.6875950046930084,False
29,FUS-GMI (4),0.6976035653409193,True
30,FUS-GMI (4),0.5624703757008706,True
31,FUS-GMI (4),0.5702560414336892,True
32,FUS-GMI (4),0.5546372206403385,True
33,FUS-GMI (4),0.48578218704092546,True
34,FUS-GMI (4),0.4915251925726989,True
35,FUS-GMI (4),0.5503533816203847,True
36,FUS-GMI (4),0.490423869313953,True
37,FUS-GMI (4),0.54023579963613,True
38,FUS-GMI (4),0.5286325983725282,False
39,FUS-GMI (4),0.6899411280853971,True
40,FUS-GMI (4),0.6945600018639121,False
41,FUS-GMI (4),0.5293239679332344,True
42,FUS-GMI (4),0.6031309162366548,True
43,FUS-GMI (4),0.6006277595531946,True
44,FUS-GMI (4),0.4993100643605795,True
45,FUS-GMI (4),0.4676228878741459,True
46,FUS-GMI (4),0.5200183759568873,True
47,FUS-GMI (4),0.41617165926692523,True
48,FUS-GMI (4),0.49687611324776626,True
49,FUS-GMI (4),0.5839310707537348,True
0,FUS-FCI (5),-11.737733910039717,False
1,FUS-FCI (5),-10.941142758212285,True
2,FUS-FCI (5),-6.752938163636094,True
3,FUS-FCI (5),-17.124794802089216,True
4,FUS-FCI (5),-13.304457143984964,True
5,FUS-FCI (5),-13.177127398726444,True
6,FUS-FCI (5),-15.558088166555523,True
7,FUS-FCI (5),-10.920812528708117,True
8,FUS-FCI (5),-6.366053077429786,True
9,FUS-FCI (5),-18.435791011298072,True
10,FUS-FCI (5),-18.67106415210354,True
11,FUS-FCI (5),-18.50340223415447,True
12,FUS-FCI (5),-10.434597885202365,True
13,FUS-FCI (5),-8.326666509502619,True
14,FUS-FCI (5),-8.47175154068998,True
15,FUS-FCI (5),-11.179453080994929,True
16,FUS-FCI (5),-7.349732026883517,True
17,FUS-FCI (5),-36.18578233180696,True
18,FUS-FCI (5),-11.538287984450305,True
19,FUS-FCI (5),-14.336736896887295,True
20,FUS-FCI (5),-5.92700746972311,True
21,FUS-FCI (5),-8.16115527518013,True
22,FUS-FCI (5),-22.40012396645141,True
23,FUS-FCI (5),-6.704255841716563,False
24,FUS-FCI (5),-12.75314996117715,True
25,FUS-FCI (5),-12.125883749662936,True
26,FUS-FCI (5),-14.235615570672138,True
27,FUS-FCI (5),-13.311292569005296,True
28,FUS-FCI (5),-5.636460059248791,False
29,FUS-FCI (5),-13.299398302961036,True
30,FUS-FCI (5),-9.641865905362968,True
31,FUS-FCI (5),-6.829848129791999,True
32,FUS-FCI (5),-8.6044142847889,True
33,FUS-FCI (5),-7.335347795596059,True
34,FUS-FCI (5),-18.991326332791402,True
35,FUS-FCI (5),-11.494115867789839,True
36,FUS-FCI (5),-34.41358242868283,True
37,FUS-FCI (5),-12.257645083773626,True
38,FUS-FCI (5),-8.696751731666588,False
39,FUS-FCI (5),-11.005273328431594,True
40,FUS-FCI (5),-9.785499605284803,False
41,FUS-FCI (5),-18.50018289921591,True
42,FUS-FCI (5),-17.210327024268555,True
43,FUS-FCI (5),-11.64168168374691,True
44,FUS-FCI (5),-19.031091492840886,True
45,FUS-FCI (5),-18.37736698221958,True
46,FUS-FCI (5),-12.501425123593915,True
47,FUS-FCI (5),-21.340221513437566,True
48,FUS-FCI (5),-11.889355863445715,True
49,FUS-FCI (5),-7.377999160535387,True
